Duplicator_Grower: [4, 10, 11, 17, 18, 21, 26, 27, 28, 29, 31, 32, 34, 35, 37, 38, 40, 42, 44, 45, 46, 48, 50, 51, 54, 55, 58, 64, 65, 68, 70, 71, 73, 74, 75, 79, 80, 81, 86, 88, 91, 93, 95, 96, 98, 99, 100, 101, 104, 108, 109, 111, 113, 115, 116, 120, 121, 122, 125, 126, 132, 137, 138, 139, 140, 141, 147, 149, 151, 153, 156, 157, 158, 160, 162, 163, 168, 169, 173, 176, 177, 178, 179, 180, 182, 183, 186, 189, 191, 193, 194, 195, 199, 204, 205, 207, 211, 212, 214, 215, 218, 219, 222, 223, 225, 227, 228, 229, 230, 232, 233, 235, 236, 239, 240, 242, 243, 245, 246, 247, 250, 251, 254, 255, 260, 263, 267, 268, 270, 271, 274, 275, 276, 277, 280, 281, 282, 283, 284, 287, 295, 297, 298, 300, 302, 303, 304, 307, 309, 310, 313, 315, 317, 323, 324, 325, 326, 327, 330, 335, 336, 337, 338, 339, 340, 342, 344, 345, 347, 349, 350, 352, 353, 354, 357, 361, 363, 368, 369, 371, 373, 374, 375, 377, 378, 380, 381, 382, 383, 387, 388, 389, 393, 395, 397, 399, 401, 403, 405, 408, 409, 411, 413, 414, 416, 423, 424, 425, 427, 431, 437, 438, 440, 441, 442, 443, 447, 450, 451, 453, 454, 457, 460, 462, 463, 465, 467, 468, 469, 470, 472, 473, 474, 476, 477, 481, 482, 485, 486, 489, 490, 495, 496, 499, 500, 503, 505, 506, 507, 510, 512, 517, 524, 525, 526, 529, 530, 531, 533, 536, 538, 539, 540, 541, 542, 543, 545, 546, 547, 548, 549, 551, 552, 554, 555, 556, 557, 558, 563, 567, 569, 571, 573, 575, 576, 578, 581, 582, 583, 587, 591, 592, 594, 595, 598, 599, 600, 605, 612, 613, 614, 617, 619, 620, 621, 624, 625, 627, 631, 633, 634, 635, 637, 639, 640, 641, 642, 643, 648, 654, 655, 656, 658, 662, 666, 668, 671, 676, 678, 682, 684, 690, 692, 699, 702, 704, 705, 706, 707, 708, 709, 711, 712, 713, 715, 720, 722, 723, 728, 731, 734, 738, 741, 743, 745, 748, 749, 750, 754, 759, 760, 763, 764, 766, 767, 768, 777, 778, 779, 782, 785, 786, 788, 789, 790, 794, 800, 802, 810, 811, 812, 814, 817, 818, 823, 829, 830, 833, 837, 838, 839, 843, 844, 850, 852, 857, 858, 865, 866, 868, 869, 870, 871, 872, 874, 875, 876, 877, 878, 882, 886, 889, 890, 891, 895, 897, 900, 902, 906, 907, 908, 909, 911, 913, 915, 916, 917, 918, 919, 920, 925, 926, 927, 929, 935, 936, 939, 944, 946, 951, 957, 959, 960, 963, 964, 965, 966, 969, 971, 973, 975, 977, 978, 979, 980, 981, 982, 983, 984, 985, 988, 990, 991, 992, 993, 994, 995, 996, 999] (median: 1953, cap: 4000)
  wins (total): Duplicator: 526, Grower: 473
  wins (dramatic): Grower: 240, Duplicator: 229
Duplicator_Dagger: [2, 25, 28, 31, 36, 43, 45, 58, 62, 67, 74, 78, 86, 93, 99, 102, 114, 117, 120, 122, 128, 135, 136, 137, 151, 157, 166, 169, 185, 193, 214, 218, 229, 230, 231, 247, 253, 257, 267, 274, 275, 276, 284, 287, 289, 290, 291, 304, 308, 310, 314, 338, 347, 351, 361, 363, 364, 367, 373, 379, 386, 412, 416, 422, 438, 450, 457, 464, 473, 478, 482, 483, 502, 506, 516, 519, 521, 525, 526, 530, 540, 541, 544, 550, 559, 570, 582, 583, 585, 588, 603, 616, 618, 636, 644, 660, 662, 671, 673, 686, 717, 719, 728, 734, 737, 741, 754, 770, 774, 785, 787, 803, 821, 837, 858, 866, 867, 875, 889, 892, 904, 905, 915, 927, 942, 947, 956, 960, 964, 965, 969, 975, 980, 984, 988] (median: 2430, cap: 4000)
  wins (total): Dagger: 884, Duplicator: 116
  wins (dramatic): Dagger: 70, Duplicator: 65
Duplicator_Lance: [2, 3, 6, 8, 9, 10, 12, 13, 14, 15, 16, 19, 24, 28, 29, 31, 32, 33, 34, 36, 37, 40, 44, 46, 47, 49, 51, 53, 54, 57, 59, 65, 71, 72, 73, 76, 78, 80, 82, 87, 90, 92, 93, 95, 96, 97, 98, 101, 102, 103, 104, 105, 107, 111, 113, 117, 119, 124, 127, 132, 133, 134, 135, 136, 138, 139, 141, 143, 145, 146, 151, 152, 153, 154, 155, 156, 163, 169, 171, 172, 174, 175, 179, 181, 183, 186, 187, 190, 192, 193, 194, 197, 199, 200, 205, 207, 210, 213, 214, 215, 217, 219, 221, 224, 225, 227, 228, 230, 231, 234, 235, 238, 239, 245, 248, 249, 251, 252, 258, 259, 265, 267, 268, 270, 271, 274, 276, 277, 278, 282, 284, 290, 294, 295, 297, 299, 300, 301, 304, 306, 308, 313, 314, 315, 320, 321, 323, 324, 325, 326, 327, 330, 331, 332, 333, 335, 337, 339, 340, 342, 343, 345, 346, 351, 354, 355, 357, 360, 362, 365, 367, 370, 371, 384, 385, 387, 390, 397, 398, 400, 402, 403, 407, 408, 409, 410, 416, 417, 418, 419, 420, 423, 425, 429, 431, 433, 436, 440, 442, 445, 446, 448, 449, 451, 454, 455, 456, 457, 458, 462, 463, 464, 465, 470, 471, 472, 479, 480, 481, 485, 487, 488, 490, 493, 495, 500, 501, 503, 506, 507, 510, 511, 512, 513, 515, 516, 519, 521, 524, 530, 532, 533, 534, 536, 539, 540, 542, 544, 546, 548, 550, 554, 556, 557, 558, 560, 563, 564, 567, 568, 569, 573, 576, 577, 578, 586, 593, 594, 596, 597, 600, 602, 604, 606, 607, 608, 609, 613, 614, 619, 620, 624, 627, 628, 640, 641, 645, 649, 651, 653, 655, 657, 658, 659, 661, 662, 664, 665, 666, 667, 672, 673, 676, 679, 680, 683, 684, 685, 688, 690, 691, 695, 696, 699, 702, 703, 704, 709, 714, 722, 724, 727, 728, 730, 732, 734, 737, 740, 743, 744, 745, 748, 750, 754, 755, 756, 758, 761, 762, 765, 766, 767, 768, 771, 772, 780, 781, 782, 784, 786, 787, 790, 791, 792, 793, 795, 796, 800, 808, 809, 810, 812, 817, 818, 819, 825, 826, 828, 830, 831, 834, 835, 836, 837, 838, 839, 840, 841, 842, 844, 845, 847, 850, 852, 856, 860, 861, 864, 865, 866, 868, 869, 870, 872, 874, 876, 879, 881, 883, 885, 886, 887, 891, 892, 897, 898, 899, 900, 902, 904, 906, 911, 913, 914, 918, 919, 921, 925, 926, 932, 934, 935, 940, 941, 947, 952, 953, 954, 957, 958, 960, 961, 964, 967, 969, 970, 972, 976, 978, 979, 982, 988, 992, 995, 996, 999] (median: 1506, cap: 4000)
  wins (total): Duplicator: 657, Lance: 343
  wins (dramatic): Duplicator: 338, Lance: 108
Duplicator_Machine Gun: [0, 2, 6, 14, 28, 29, 37, 42, 44, 47, 49, 51, 52, 55, 60, 75, 84, 85, 87, 97, 101, 102, 105, 106, 113, 115, 117, 123, 124, 132, 137, 138, 144, 153, 172, 186, 187, 195, 197, 199, 201, 208, 213, 221, 227, 240, 245, 249, 250, 257, 258, 260, 261, 269, 272, 278, 281, 290, 291, 294, 296, 297, 298, 299, 306, 317, 318, 326, 335, 349, 351, 356, 372, 380, 382, 396, 399, 400, 407, 415, 423, 428, 443, 445, 448, 449, 455, 456, 457, 458, 470, 475, 490, 492, 495, 501, 503, 506, 508, 515, 516, 517, 522, 525, 532, 535, 538, 542, 551, 555, 566, 567, 571, 575, 578, 579, 586, 591, 592, 606, 607, 611, 632, 637, 648, 657, 665, 667, 668, 670, 672, 676, 677, 679, 680, 681, 685, 688, 706, 707, 708, 710, 711, 731, 735, 741, 751, 752, 755, 773, 777, 782, 783, 789, 793, 796, 799, 800, 803, 805, 807, 816, 826, 830, 833, 837, 840, 845, 850, 867, 877, 878, 881, 886, 901, 902, 905, 911, 912, 916, 930, 943, 947, 969, 970, 974, 980, 988, 990, 991, 995, 998, 999] (median: 1916, cap: 4000)
  wins (total): Duplicator: 378, Machine Gun: 622
  wins (dramatic): Duplicator: 88, Machine Gun: 105
Duplicator_Wrench: [4, 23, 28, 36, 44, 69, 82, 93, 103, 108, 140, 152, 157, 169, 192, 243, 285, 307, 319, 331, 356, 431, 443, 461, 487, 489, 512, 514, 520, 537, 538, 552, 567, 575, 585, 647, 679, 701, 711, 720, 731, 764, 770, 776, 794, 797, 798, 817, 838, 852, 855, 874, 885, 902, 916, 918, 919, 929, 951, 959, 972, 997, 998] (median: 5087, cap: 6000)
  wins (total): Duplicator: 282, Wrench: 693
  wins (dramatic): Duplicator: 35, Wrench: 28
Duplicator_Grimoire: [0, 3, 5, 14, 20, 22, 31, 32, 37, 41, 45, 49, 60, 64, 69, 91, 99, 101, 110, 115, 118, 127, 128, 129, 136, 139, 144, 148, 158, 162, 163, 166, 172, 181, 187, 208, 209, 214, 218, 224, 240, 244, 262, 269, 271, 276, 281, 289, 290, 294, 308, 313, 322, 335, 337, 340, 346, 350, 354, 366, 374, 379, 395, 396, 413, 421, 428, 430, 435, 438, 440, 447, 456, 461, 468, 477, 478, 482, 491] (median: 2098, cap: 4000)
  wins (total): Grimoire: 129, Duplicator: 371
  wins (dramatic): Grimoire: 28, Duplicator: 51
Duplicator_Sword: [2, 7, 9, 11, 13, 18, 20, 22, 23, 26, 29, 34, 41, 55, 66, 82, 85, 86, 87, 98, 99, 100, 104, 109, 112, 113, 119, 122, 123, 129, 131, 135, 140, 156, 164, 169, 171, 178, 181, 189, 190, 191, 203, 209, 210, 213, 217, 220, 233, 235, 236, 239, 240, 259, 262, 265, 266, 269, 279, 289, 292, 294, 300, 317, 319, 322, 323, 327, 335, 337, 340, 346, 348, 361, 365, 370, 371, 372, 377, 379, 380, 382, 385, 393, 406, 413, 418, 421, 423, 426, 427, 431, 437, 439, 443, 448, 455, 456, 464, 467, 470, 471, 485, 490, 492, 498, 505, 507, 510, 513, 522, 523, 525, 531, 546, 553, 565, 566, 572, 576, 579, 585, 588, 592, 599, 605, 612, 616, 617, 620, 622, 629, 633, 636, 642, 644, 651, 653, 664, 668, 685, 695, 698, 701, 710, 711, 713, 715, 719, 726, 727, 733, 736, 738, 740, 744, 761, 762, 765, 767, 772, 774, 776, 777, 784, 785, 786, 787, 788, 797, 800, 822, 831, 832, 838, 844, 850, 858, 863, 867, 872, 873, 875, 876, 877, 881, 886, 901, 905, 915, 922, 925, 930, 933, 940, 950, 953, 960, 963, 967, 970, 972, 980, 982, 992, 995] (median: 2589, cap: 4000)
  wins (total): Sword: 629, Duplicator: 370
  wins (dramatic): Duplicator: 154, Sword: 52
Duplicator_Mirror: [7, 10, 11, 15, 16, 20, 28, 36, 40, 45, 50, 52, 53, 59, 62, 79, 90, 98, 100, 105, 106, 108, 109, 111, 114, 118, 123, 124, 133, 152, 172, 175, 176, 185, 186, 192, 193, 194, 203, 221, 231, 237, 240, 242] (median: 3613, cap: 4000)
  wins (total): Duplicator: 182, Mirror: 68
  wins (dramatic): Duplicator: 31, Mirror: 13
Duplicator_Hammer: [2, 3, 4, 5, 6, 8, 13, 20, 30, 33, 40, 41, 49, 51, 60, 63, 64, 65, 68, 86, 87, 91, 98, 106, 115, 116, 121, 136, 170, 177, 183, 209, 213, 219, 224, 226, 235, 236, 237, 246, 250, 251, 252, 259, 263, 264, 266, 278, 288, 294, 309, 314, 322, 336, 337, 342, 366, 372, 378, 390, 391, 398, 424, 427, 460, 464, 497, 507, 508, 512, 520, 530, 537, 552, 567, 579, 585, 588, 597, 606, 611, 635, 642, 663, 683, 686, 696, 721, 725, 752, 763, 764, 770, 777, 785, 803, 812, 814, 826, 836, 841, 857, 866, 867, 868, 870, 873, 874, 884, 896, 920, 922, 938, 941, 960, 962, 963, 966, 968, 969, 971, 981, 991] (median: 1670, cap: 4000)
  wins (total): Duplicator: 626, Hammer: 374
  wins (dramatic): Duplicator: 65, Hammer: 58
Duplicator_Club: [5, 9, 10, 13, 15, 19, 20, 34, 47, 97, 98, 103, 104, 134, 144, 153, 154, 160, 164, 193, 195, 198, 199, 247, 249, 256, 260, 274, 282, 285, 318, 337, 345, 359, 385, 389, 395, 402, 403, 426, 451, 453, 456, 475, 476, 499, 501, 517, 542, 546, 554, 566, 577, 582, 594, 608, 612, 616, 661, 690, 740, 756, 779, 790, 806, 812, 819, 828, 883, 894, 907, 919, 949, 993, 994, 1012, 1051, 1054, 1081, 1118, 1127, 1144, 1158, 1159, 1183, 1203, 1228, 1249, 1287, 1307, 1320, 1335, 1341, 1342, 1381, 1422, 1426, 1433, 1468, 1472, 1500, 1507, 1511, 1520, 1553, 1572, 1587, 1594, 1601, 1643, 1661, 1662, 1674, 1735, 1743, 1762, 1809, 1815, 1821, 1825, 1828, 1837, 1844, 1847, 1879, 1896, 1915, 1932, 1948, 1959, 1964, 1974, 1976, 1988, 1993, 1997] (median: 3934, cap: 6000)
  wins (total): Duplicator: 1627, Club: 370
  wins (dramatic): Duplicator: 120, Club: 16
Duplicator_Snake: [1, 4, 5, 18, 42, 53, 75, 83, 91, 92, 95, 103, 107, 110, 112, 131, 155, 157, 158, 163, 170, 175, 184, 192, 204, 212, 214, 218, 221, 228, 231, 241, 246, 247, 256, 265, 276, 296, 302, 306, 309, 313, 316, 318, 327, 333, 337, 346, 349, 352, 353, 354, 362, 372, 373, 378, 389, 399, 406, 410, 414, 415, 426, 449, 453, 471, 472, 475, 479, 486, 487, 488, 496, 511, 517, 527, 532, 536, 537, 538, 547, 548, 553, 557, 568, 570, 572, 573, 576, 595, 600, 608, 616, 619, 634, 635, 652, 654, 655, 661, 679, 683, 686, 703, 708, 710, 711, 716, 727, 728, 733, 738, 746, 748, 768, 771, 791, 802, 816, 829, 836, 858, 879, 883, 884, 891, 893, 904, 916, 922, 928, 932, 934, 942, 959, 960, 962, 965, 972, 976, 982, 983, 985, 990, 995] (median: 2242, cap: 4000)
  wins (total): Snake: 775, Duplicator: 225
  wins (dramatic): Snake: 88, Duplicator: 57
Duplicator_Vampire: [38, 486, 662, 685, 686, 721, 724, 785, 922, 1183, 1263, 1264, 1379, 1672, 1321, 475, 689, 90, 756, 799, 1193, 1442, 1468, 1947, 1996, 359, 1801, 51] (median: 2451, cap: 4000)
  wins (total): Duplicator: 1124, Vampire: 876
  wins (dramatic): Vampire: 14, Duplicator: 14
Grower_Dagger: [245, 281, 349, 639, 730, 855, 879, 881, 995] (median: 3778, cap: 4000)
  wins (total): Grower: 895, Dagger: 103
  wins (dramatic): Grower: 6, Dagger: 3
Grower_Lance: [3, 11, 19, 54, 88, 107, 116, 119, 133, 135, 139, 141, 154, 160, 179, 184, 208, 214, 226, 228, 231, 250, 266, 276, 289, 293, 299, 309, 313, 320, 326, 339, 340, 342, 356, 375, 389, 417, 428, 438, 448, 467, 472, 502, 523, 530, 541, 564, 571, 588, 609, 642, 674, 679, 686, 692, 694, 708, 715, 723, 737, 744, 761, 764, 773, 775, 803, 818, 824, 834, 865, 881, 883, 922, 929, 943, 946, 950, 957, 990, 994, 997] (median: 2833, cap: 4000)
  wins (total): Grower: 498, Lance: 498
  wins (dramatic): Lance: 43, Grower: 39
Grower_Machine Gun: [15, 43, 52, 65, 67, 77, 80, 87, 103, 111, 118, 123, 138, 142, 147, 161, 184, 198, 207, 226, 239, 257, 265, 271, 304, 309, 313, 319, 337, 342, 372, 388, 389, 392, 401, 408, 444, 448, 465, 503, 511, 513, 516, 518, 562, 571, 600, 627, 628, 643, 649, 659, 674, 682, 707, 718, 726, 731, 743, 756, 767, 769, 774, 781, 783, 789, 797, 806, 814, 846, 852, 856, 866, 869, 887, 921, 925, 935, 941, 942, 975, 978, 979, 989, 991] (median: 3341, cap: 4000)
  wins (total): Machine Gun: 645, Grower: 355
  wins (dramatic): Grower: 31, Machine Gun: 54
Grower_Wrench: [22, 45, 51, 60, 61, 64, 78, 83, 85, 93, 97, 105, 107, 112, 119, 124, 126, 138, 152, 158, 160, 167, 169, 170, 181, 184, 199, 204, 225, 236, 248, 255, 262, 277, 279, 281, 284, 299, 306, 309, 320, 323, 353, 367, 406, 415, 422, 429, 441, 454, 470, 482, 483, 486, 495, 496, 516, 520, 528, 538, 542, 554, 556, 569, 586, 590, 594, 597, 603, 618, 620, 654, 661, 662, 675, 677, 687, 690, 714, 720, 744, 749, 754, 758, 765, 774, 792, 793, 804, 818, 821, 827, 830, 832, 848, 852, 861, 878, 882, 883, 886, 893, 896, 901, 917, 927, 929] (median: 4702, cap: 6000)
  wins (total): Grower: 474, Wrench: 525
  wins (dramatic): Grower: 60, Wrench: 47
Grower_Grimoire: [7, 11, 20, 25, 26, 29, 39, 40, 44, 52, 63, 68, 77, 78, 80, 82, 83, 99, 106, 115, 117, 122, 135, 151, 179, 186, 191, 192, 193, 198, 206, 207, 227, 244, 249, 250, 256, 264, 266, 272, 277, 278, 291, 293, 294, 305, 335, 343, 372, 376, 397, 398, 404, 409, 417, 422, 427, 434, 440, 442, 450, 452, 465, 473, 477, 493, 503, 515, 524, 527, 535, 575, 581, 585, 587, 590, 598, 605, 610, 664, 689, 692, 699, 710, 733, 735, 783, 788, 790, 799, 804, 822, 865, 871, 872, 879, 882, 883, 902, 923, 943, 945, 956, 961, 979, 987, 989] (median: 2608, cap: 4000)
  wins (total): Grimoire: 726, Grower: 271
  wins (dramatic): Grimoire: 52, Grower: 55
Grower_Sword: [20, 34, 49, 51, 62, 110, 112, 115, 122, 127, 153, 161, 206, 227, 233, 237, 253, 261, 271, 283, 289, 300, 307, 322, 328, 352, 357, 374, 375, 376, 388, 392, 401, 413, 418, 422, 428, 429, 432, 436, 445, 448, 459, 466, 470, 497, 508, 514, 525, 531, 553, 574, 615, 622, 640, 652, 656, 691, 704, 705, 720, 732, 737, 751, 771, 777, 781, 789, 837, 854, 857, 872, 878, 881, 885, 934, 935, 947, 952, 958, 983, 995] (median: 3547, cap: 4000)
  wins (total): Grower: 496, Sword: 504
  wins (dramatic): Sword: 38, Grower: 44
Grower_Mirror: [10, 19, 23, 42, 59, 64, 84, 117, 156, 179, 194, 224, 245, 270, 301, 363, 365, 385, 391, 398, 411, 413, 414, 442, 443, 449, 450, 471, 483, 529, 534, 564, 567, 616, 619, 659, 677, 681, 695, 712, 717, 725, 738, 791, 804, 817, 818, 821, 828, 832, 833, 866, 882, 937, 956, 972, 973, 975] (median: 3513, cap: 4000)
  wins (total): Grower: 558, Mirror: 435
  wins (dramatic): Mirror: 30, Grower: 28
Grower_Hammer: [90, 187, 216, 265, 328, 369, 371, 422, 425, 432, 440, 459, 485, 536, 575, 588, 669, 678, 701, 706, 772, 777, 779, 796, 898, 925, 989, 994] (median: 3733, cap: 4000)
  wins (total): Grower: 818, Hammer: 182
  wins (dramatic): Hammer: 19, Grower: 9
Grower_Club: [12, 29, 65, 306, 367, 667, 750, 829, 920, 1059, 1188, 1215, 1264, 1552, 1633, 1676] (median: 6478, cap: 6478)
  wins (total): Club: 1588, Grower: 408
  wins (dramatic): Grower: 7, Club: 9
Grower_Snake: [1, 11, 15, 29, 38, 65, 66, 67, 71, 104, 116, 138, 142, 148, 151, 154, 157, 158, 160, 163, 165, 166, 174, 186, 187, 194, 201, 207, 208, 213, 219, 228, 231, 232, 237, 239, 241, 243, 251, 256, 261, 264, 265, 269, 279, 280, 284, 289, 290, 295, 297, 298, 299, 302, 304, 324, 329, 330, 331, 339, 345, 348, 353, 356, 359, 362, 365, 369, 370, 374, 381, 383, 386, 387, 392, 394, 398, 409, 415, 417, 429, 435, 437, 439, 444, 449, 451, 462, 463, 469, 481, 483, 484, 493, 511, 513, 518, 524, 525, 527, 534, 538, 544, 548, 551, 553, 564, 569, 572, 583, 594, 596, 612, 614, 616, 630, 636, 637, 644, 645, 657, 666, 667, 669, 672, 673, 679, 680, 688, 694, 696, 699, 708, 714, 721, 722, 725, 728, 734, 735, 743, 744, 749, 750, 753, 771, 772, 775, 776, 783, 784, 787, 791, 792, 796, 803, 808, 814, 818, 821, 824, 825, 826, 833, 841, 843, 845, 846, 847, 852, 860, 866, 871, 874, 876, 881, 883, 884, 886, 905, 906, 909, 914, 917, 921, 922, 926, 929, 934, 937, 946, 949, 954, 957, 961, 963, 972, 976, 980, 985, 987, 993] (median: 2981, cap: 4000)
  wins (total): Grower: 641, Snake: 356
  wins (dramatic): Snake: 74, Grower: 128
Grower_Vampire: [66, 97, 114, 121, 242, 476, 621, 631, 649, 706, 732, 857, 923, 944, 997, 1123, 1132, 1294, 1324, 1385, 1528, 1606, 1670, 1754, 1985] (median: 3830, cap: 4000)
  wins (total): Grower: 431, Vampire: 1569
  wins (dramatic): Grower: 22, Vampire: 3
Dagger_Lance: [57, 74, 110, 114, 133, 167, 248, 287, 334, 391, 428, 431, 446, 460, 493, 506, 628, 649, 666, 700, 723, 732, 764, 822, 860, 870, 970] (median: 5224, cap: 5224)
  wins (total): Dagger: 220, Lance: 780
  wins (dramatic): Lance: 15, Dagger: 12
Dagger_Machine Gun: [65, 68, 69, 154, 172, 202, 241, 255, 287, 296, 307, 309, 310, 311, 313, 319, 355, 357, 453, 470, 488, 490, 536, 561, 564, 569, 572, 584, 599, 655, 664, 704, 744, 754, 823, 868, 871, 898, 950, 971, 978, 987] (median: 5034, cap: 5034)
  wins (total): Machine Gun: 521, Dagger: 478
  wins (dramatic): Dagger: 19, Machine Gun: 23
Dagger_Wrench: [86, 88, 124, 189, 206, 247, 288, 320, 357, 416, 460, 470, 478, 507, 512, 534, 580, 608, 635, 643, 651, 655, 657, 661, 720, 729, 808, 825, 897, 982, 989] (median: 6172, cap: 6172)
  wins (total): Dagger: 510, Wrench: 487
  wins (dramatic): Wrench: 13, Dagger: 18
Dagger_Grimoire: [23, 37, 45, 56, 59, 60, 65, 68, 85, 95, 115, 122, 123, 130, 133, 152, 187, 201, 205, 209, 215, 235, 244, 247, 255, 257, 260, 264, 285, 287, 307, 312, 318, 330, 340, 341, 342, 344, 352, 354, 385, 395, 409, 411, 413, 414, 418, 419, 423, 425, 429, 430, 433, 436, 447, 463, 485, 494, 508, 510, 514, 519, 531, 532, 536, 572, 593, 602, 609, 626, 628, 633, 643, 653, 654, 660, 663, 667, 676, 679, 685, 686, 689, 705, 707, 713, 734, 742, 750, 751, 754, 757, 762, 768, 776, 779, 781, 788, 792, 812, 821, 833, 838, 845, 849, 853, 862, 863, 873, 879, 885, 888, 907, 911, 914, 922, 924, 937, 947, 956, 964, 972, 977, 979, 985, 992, 998] (median: 3611, cap: 4000)
  wins (total): Dagger: 541, Grimoire: 457
  wins (dramatic): Grimoire: 70, Dagger: 57
Dagger_Sword: [115, 148, 158, 187, 189, 203, 244, 246, 257, 287, 289, 307, 335, 360, 373, 405, 451, 471, 509, 529, 559, 569, 579, 613, 628, 709, 725, 737, 757, 760, 798, 818, 824, 898, 905, 925, 950] (median: 5695, cap: 5695)
  wins (total): Sword: 333, Dagger: 659
  wins (dramatic): Dagger: 23, Sword: 14
Dagger_Mirror: [1, 15, 38, 41, 50, 62, 77, 104, 105, 107, 128, 145, 176, 203, 208, 268, 280, 285, 303, 372, 375, 376, 424, 438, 496, 499, 504, 506, 509, 510, 536, 589, 596, 598, 609, 615, 637, 662, 666, 700, 704, 705, 740, 747, 753, 771, 783, 788, 789, 821, 853, 945, 955, 958, 975, 976] (median: 6955, cap: 6955)
  wins (total): Dagger: 702, Mirror: 257
  wins (dramatic): Dagger: 44, Mirror: 12
Dagger_Hammer: [20, 115, 136, 141, 145, 167, 186, 215, 217, 222, 258, 273, 288, 289, 307, 422, 428, 438, 441, 458, 478, 497, 520, 589, 592, 603, 622, 635, 655, 690, 709, 764, 796, 801, 840, 866, 872, 891, 907, 924, 925] (median: 5160, cap: 5160)
  wins (total): Hammer: 726, Dagger: 271
  wins (dramatic): Dagger: 26, Hammer: 15
Dagger_Club: [44, 122, 241, 525, 740, 758, 778, 870, 875, 941, 962, 1099, 1251, 1267, 1732, 1949, 1973, 1987, 1998] (median: 6840, cap: 6840)
  wins (total): Dagger: 888, Club: 1049
  wins (dramatic): Club: 12, Dagger: 7
Dagger_Snake: [12, 17, 21, 26, 27, 30, 35, 44, 48, 56, 62, 65, 68, 96, 97, 106, 107, 122, 123, 124, 138, 139, 143, 155, 160, 166, 174, 182, 186, 188, 189, 215, 228, 229, 233, 234, 237, 246, 248, 250, 257, 262, 263, 287, 311, 317, 320, 326, 330, 332, 338, 343, 359, 363, 369, 385, 388, 392, 397, 400, 407, 411, 426, 438, 443, 449, 453, 475, 476, 484, 505, 509, 521, 531, 547, 556, 559, 561, 565, 583, 588, 590, 595, 598, 601, 604, 605, 614, 616, 619, 626, 628, 631, 639, 643, 648, 652, 654, 657, 683, 697, 712, 713, 716, 718, 728, 745, 753, 775, 779, 781, 785, 795, 799, 809, 811, 820, 830, 836, 840, 842, 850, 852, 860, 867, 877, 892, 894, 896, 899, 929, 930, 935, 936, 942, 948] (median: 3284, cap: 4000)
  wins (total): Snake: 565, Dagger: 433
  wins (dramatic): Dagger: 81, Snake: 55
Dagger_Vampire: [] (median: 4807, cap: 4807)
  wins (total): Dagger: 1607, Vampire: 393
  wins (dramatic): 
Lance_Machine Gun: [8, 22, 97, 106, 123, 194, 204, 222, 240, 244, 253, 255, 258, 267, 268, 272, 296, 333, 367, 374, 404, 406, 428, 489, 569, 581, 582, 600, 613, 623, 655, 660, 687, 688, 694, 715, 759, 774, 795, 800, 813, 828, 887, 895, 896, 936, 937, 946, 950, 958, 969, 985] (median: 4563, cap: 4563)
  wins (total): Machine Gun: 509, Lance: 489
  wins (dramatic): Lance: 20, Machine Gun: 32
Lance_Wrench: [50, 70, 82, 89, 92, 112, 129, 136, 154, 167, 185, 203, 209, 216, 261, 332, 394, 439, 449, 459, 460, 475, 512, 534, 537, 541, 571, 581, 584, 619, 629, 665, 731, 736, 745, 780, 785, 798, 810, 811, 815, 825, 826, 864, 883, 893, 918, 998] (median: 5220, cap: 5220)
  wins (total): Lance: 596, Wrench: 404
  wins (dramatic): Wrench: 25, Lance: 23
Lance_Grimoire: [4, 8, 10, 26, 29, 30, 31, 33, 35, 36, 39, 47, 56, 60, 62, 64, 66, 72, 76, 84, 90, 98, 99, 102, 109, 110, 132, 147, 149, 164, 166, 173, 196, 206, 215, 217, 227, 234, 235, 239, 254, 270, 281, 296, 305, 307, 322, 328, 330, 334, 340, 358, 360, 375, 377, 388, 389, 390, 395, 399, 400, 415, 429, 432, 434, 436, 437, 441, 449, 452, 464, 476, 477, 481, 482, 485, 492, 501, 504, 520, 527, 529, 531, 533, 546, 548, 558, 560, 566, 580, 581, 587, 595, 611, 623, 625, 631, 633, 640, 642, 648, 675, 684, 688, 703, 706, 711, 719, 735, 736, 739, 748, 749, 754, 782, 784, 785, 798, 801, 806, 809, 810, 813, 819, 824, 829, 839, 849, 850, 857, 858, 870, 871, 875, 886, 888, 900, 907, 915, 935, 936, 937, 940, 948, 951, 958, 973, 975, 979, 993] (median: 2662, cap: 4000)
  wins (total): Grimoire: 641, Lance: 357
  wins (dramatic): Grimoire: 74, Lance: 76
Lance_Sword: [27, 41, 48, 51, 125, 140, 145, 168, 179, 189, 215, 217, 244, 251, 256, 267, 277, 286, 333, 362, 367, 406, 409, 493, 496, 519, 520, 527, 548, 552, 553, 557, 571, 611, 614, 644, 656, 707, 714, 717, 736, 762, 767, 779, 782, 806, 826, 829, 843, 844, 866, 871, 886, 890, 938, 939, 965, 976, 979, 985] (median: 4855, cap: 4855)
  wins (total): Lance: 511, Sword: 484
  wins (dramatic): Sword: 37, Lance: 23
Lance_Mirror: [23, 166, 177, 187, 207, 209, 216, 224, 225, 269, 285, 311, 347, 360, 369, 380, 385, 389, 393, 401, 420, 425, 443, 456, 459, 462, 487, 526, 573, 586, 587, 611, 627, 642, 653, 690, 701, 718, 733, 749, 760, 791, 806, 827, 849, 865, 866, 888, 889, 891, 957] (median: 4732, cap: 4732)
  wins (total): Mirror: 538, Lance: 461
  wins (dramatic): Lance: 22, Mirror: 29
Lance_Hammer: [6, 31, 34, 41, 51, 80, 95, 108, 114, 125, 140, 157, 199, 200, 215, 217, 224, 226, 240, 248, 254, 255, 277, 288, 301, 307, 327, 356, 367, 385, 433, 458, 466, 475, 482, 483, 490, 497, 500, 501, 533, 539, 548, 605, 719, 724, 741, 742, 762, 779, 812, 871, 923, 930, 932, 938, 960, 976, 988, 998, 999] (median: 4794, cap: 4794)
  wins (total): Lance: 423, Hammer: 576
  wins (dramatic): Lance: 28, Hammer: 33
Lance_Club: [21, 23, 46, 100, 203, 261, 292, 307, 322, 342, 418, 427, 494, 503, 507, 642, 660, 770, 805, 822, 862, 913, 945, 974, 999, 1003, 1027, 1049, 1118, 1124, 1160, 1198, 1208, 1290, 1304, 1311, 1313, 1332, 1366, 1397, 1410, 1454, 1464, 1524, 1543, 1561, 1604, 1668, 1764, 1793, 1806, 1817, 1835, 1843, 1885, 1920] (median: 6135, cap: 6135)
  wins (total): Lance: 940, Club: 1056
  wins (dramatic): Club: 30, Lance: 26
Lance_Snake: [4, 38, 46, 53, 54, 63, 94, 102, 107, 119, 126, 132, 133, 154, 169, 174, 180, 201, 204, 206, 225, 230, 240, 242, 258, 267, 278, 279, 310, 314, 324, 333, 362, 367, 373, 374, 377, 387, 393, 397, 405, 410, 420, 422, 424, 438, 441, 442, 470, 487, 503, 508, 517, 528, 536, 550, 554, 560, 563, 566, 601, 603, 606, 641, 682, 698, 724, 746, 747, 789, 817, 818, 819, 827, 857, 871, 875, 883, 893, 894, 896, 897, 909, 915, 921, 929, 930, 933, 937, 942, 960, 961, 974] (median: 3660, cap: 4000)
  wins (total): Snake: 774, Lance: 225
  wins (dramatic): Lance: 42, Snake: 51
Lance_Vampire: [471] (median: 4015, cap: 4015)
  wins (total): Vampire: 249, Lance: 1751
  wins (dramatic): Vampire: 1
Machine Gun_Wrench: [3, 4, 41, 44, 100, 114, 121, 159, 169, 185, 200, 206, 269, 283, 335, 349, 366, 398, 420, 496, 520, 579, 609, 623, 624, 629, 667, 851, 912, 923, 936, 950, 971, 972] (median: 5607, cap: 5607)
  wins (total): Machine Gun: 436, Wrench: 564
  wins (dramatic): Wrench: 14, Machine Gun: 20
Machine Gun_Grimoire: [7, 21, 24, 66, 68, 75, 77, 84, 86, 96, 98, 105, 106, 118, 126, 133, 134, 140, 146, 148, 156, 161, 169, 180, 183, 192, 194, 198, 207, 218, 234, 239, 247, 253, 307, 329, 338, 339, 340, 344, 345, 347, 353, 355, 363, 369, 374, 375, 381, 383, 385, 409, 414, 421, 422, 431, 464, 478, 485, 495, 497, 503, 509, 513, 515, 518, 532, 552, 559, 560, 561, 574, 580, 583, 611, 614, 626, 634, 656, 668, 694, 701, 704, 710, 716, 720, 724, 725, 730, 738, 755, 760, 769, 774, 777, 792, 798, 822, 826, 834, 842, 868, 876, 888, 903, 904, 913, 934, 937, 945, 949, 951, 953, 955, 975, 981, 998] (median: 2920, cap: 4000)
  wins (total): Grimoire: 702, Machine Gun: 298
  wins (dramatic): Grimoire: 52, Machine Gun: 65
Machine Gun_Sword: [119, 130, 152, 155, 194, 197, 212, 215, 250, 258, 261, 265, 300, 307, 379, 396, 461, 485, 497, 504, 511, 537, 554, 562, 607, 632, 656, 667, 700, 739, 742, 828, 948, 955, 970, 998] (median: 4454, cap: 4454)
  wins (total): Machine Gun: 420, Sword: 580
  wins (dramatic): Machine Gun: 16, Sword: 20
Machine Gun_Mirror: [6, 7, 84, 97, 115, 151, 184, 185, 187, 189, 195, 211, 222, 242, 260, 262, 290, 308, 310, 314, 318, 348, 378, 384, 448, 479, 489, 511, 522, 524, 532, 561, 573, 584, 585, 592, 677, 713, 729, 740, 756, 767, 789, 811, 827, 837, 846, 861, 867, 875, 886, 891, 905, 914, 917, 921, 927, 929, 943, 950, 960, 998] (median: 5677, cap: 5677)
  wins (total): Machine Gun: 733, Mirror: 267
  wins (dramatic): Mirror: 27, Machine Gun: 35
Machine Gun_Hammer: [7, 110, 114, 128, 133, 194, 242, 251, 324, 326, 343, 346, 355, 383, 385, 406, 426, 437, 453, 454, 456, 474, 479, 510, 536, 558, 569, 598, 704, 711, 725, 731, 741, 755, 756, 761, 791, 844, 853, 879, 978, 980, 983] (median: 4591, cap: 4591)
  wins (total): Hammer: 646, Machine Gun: 354
  wins (dramatic): Machine Gun: 23, Hammer: 20
Machine Gun_Club: [44, 126, 188, 201, 205, 233, 271, 280, 288, 307, 309, 315, 408, 423, 515, 526, 536, 573, 612, 653, 798, 807, 858, 925, 955, 1122, 1139, 1157, 1197, 1212, 1216, 1218, 1221, 1328, 1340, 1344, 1463, 1471, 1576, 1592, 1634, 1660, 1690, 1699, 1759, 1803, 1815, 1820, 1871, 1903, 1909] (median: 5626, cap: 5626)
  wins (total): Club: 1075, Machine Gun: 922
  wins (dramatic): Club: 26, Machine Gun: 25
Machine Gun_Snake: [10, 14, 17, 23, 24, 25, 47, 62, 64, 68, 72, 88, 102, 109, 113, 116, 157, 159, 202, 203, 216, 218, 229, 232, 233, 249, 252, 266, 281, 283, 296, 312, 331, 351, 356, 373, 383, 391, 395, 407, 415, 422, 440, 447, 467, 474, 481, 484, 494, 497, 499, 507, 531, 539, 547, 558, 560, 561, 564, 579, 584, 585, 595, 597, 598, 614, 618, 620, 622, 625, 630, 644, 648, 651, 657, 658, 664, 668, 679, 697, 705, 712, 714, 719, 722, 732, 747, 749, 751, 757, 761, 762, 763, 765, 775, 776, 786, 794, 808, 815, 830, 832, 845, 854, 855, 868, 878, 894, 905, 909, 917, 927, 941, 946, 947, 949, 952, 953, 955, 960, 974, 993, 997, 998] (median: 3134, cap: 4000)
  wins (total): Machine Gun: 571, Snake: 428
  wins (dramatic): Snake: 43, Machine Gun: 81
Machine Gun_Vampire: [82, 137, 184, 280, 861, 916, 936, 971, 1112, 1271, 1406, 1457, 1650, 1687, 1727, 1816, 1910, 1999] (median: 3726, cap: 4000)
  wins (total): Machine Gun: 721, Vampire: 1279
  wins (dramatic): Vampire: 16, Machine Gun: 2
Wrench_Grimoire: [2, 81, 110, 213, 366, 396, 564, 602, 607, 613, 642, 842, 962] (median: 5434, cap: 5434)
  wins (total): Wrench: 821, Grimoire: 178
  wins (dramatic): Grimoire: 6, Wrench: 7
Wrench_Sword: [0, 11, 32, 44, 90, 123, 129, 192, 233, 315, 353, 378, 410, 451, 490, 519, 536, 553, 557, 638, 639, 671, 680, 688, 761, 787, 796, 803, 848, 851, 869, 870, 874, 937, 967, 975, 989] (median: 5763, cap: 5763)
  wins (total): Wrench: 528, Sword: 472
  wins (dramatic): Wrench: 22, Sword: 15
Wrench_Mirror: [178, 386] (median: 7474, cap: 7474)
  wins (total): Wrench: 227, Mirror: 730
  wins (dramatic): Mirror: 2
Wrench_Hammer: [17, 133, 135, 162, 170, 189, 198, 209, 215, 237, 279, 322, 328, 332, 337, 338, 345, 372, 390, 434, 487, 520, 572, 575, 577, 601, 620, 696, 703, 704, 734, 800, 836, 891, 893, 908, 913, 941, 977] (median: 5171, cap: 5171)
  wins (total): Hammer: 842, Wrench: 157
  wins (dramatic): Wrench: 18, Hammer: 21
Wrench_Club: [54, 90, 206, 331, 490, 586, 845, 846, 859, 900, 911, 924, 978, 1086, 1109, 1124, 1139, 1142, 1184, 1200, 1276, 1387, 1437, 1540, 1560, 1562, 1590, 1657, 1730, 1743, 1808, 1920, 1926, 1939, 1999] (median: 6856, cap: 6856)
  wins (total): Club: 1099, Wrench: 875
  wins (dramatic): Club: 18, Wrench: 17
Wrench_Snake: [7, 18, 26, 55, 58, 69, 82, 125, 127, 131, 160, 193, 198, 208, 237, 257, 261, 265, 266, 272, 297, 368, 393, 455, 465, 485, 498, 595, 597, 598, 627, 660, 691, 696, 715, 727, 741, 783, 788, 792, 800, 824, 837, 907, 927, 931, 942, 980, 990, 995] (median: 6387, cap: 6387)
  wins (total): Wrench: 568, Snake: 405
  wins (dramatic): Wrench: 27, Snake: 23
Wrench_Vampire: [1614, 1896] (median: 4353, cap: 4353)
  wins (total): Wrench: 1294, Vampire: 706
  wins (dramatic): Vampire: 2
Grimoire_Sword: [1, 3, 4, 6, 9, 10, 23, 29, 33, 41, 71, 74, 75, 77, 82, 96, 102, 104, 107, 108, 123, 150, 160, 163, 174, 191, 192, 197, 198, 201, 208, 211, 217, 219, 233, 275, 279, 284, 286, 290, 313, 318, 354, 357, 374, 376, 377, 388, 399, 402, 403, 412, 413, 415, 459, 462, 466, 476, 480, 495, 503, 509, 510, 533, 534, 545, 553, 558, 584, 596, 611, 618, 640, 643, 649, 656, 657, 659, 665, 677, 694, 707, 717, 729, 731, 733, 740, 748, 763, 764, 773, 779, 780, 791, 796, 807, 812, 816, 831, 836, 841, 843, 847, 868, 873, 874, 878, 886, 899, 908, 914, 915, 941, 971, 974, 978, 979, 980, 986, 987, 988, 999] (median: 2872, cap: 4000)
  wins (total): Sword: 602, Grimoire: 396
  wins (dramatic): Grimoire: 60, Sword: 62
Grimoire_Hammer: [5, 10, 35, 40, 50, 55, 57, 74, 90, 100, 110, 111, 118, 127, 150, 158, 160, 168, 170, 172, 181, 182, 187, 189, 200, 205, 213, 226, 239, 248, 276, 284, 289, 293, 309, 324, 359, 362, 363, 371, 398, 400, 412, 426, 428, 435, 442, 446, 447, 452, 458, 464, 477, 484, 487, 491, 515, 524, 547, 553, 556, 564, 576, 578, 585, 592, 609, 615, 617, 620, 623, 640, 643, 658, 661, 662, 667, 687, 691, 699, 710, 711, 714, 733, 757, 760, 764, 777, 778, 781, 783, 793, 812, 816, 817, 824, 852, 856, 858, 861, 868, 871, 915, 924, 931, 964, 975, 977, 989, 991] (median: 2730, cap: 4000)
  wins (total): Grimoire: 674, Hammer: 326
  wins (dramatic): Grimoire: 65, Hammer: 45
Grimoire_Club: [30, 103, 105, 114, 140, 163, 176, 225, 271, 375, 413, 563, 632, 773, 807, 838, 853, 1118, 1233, 1252, 1336, 1351, 1357, 1500, 1508, 1629, 1718, 1845, 1897, 1944] (median: 4472, cap: 4472)
  wins (total): Grimoire: 1197, Club: 800
  wins (dramatic): Club: 9, Grimoire: 21
Grimoire_Snake: [12, 16, 22, 25, 26, 31, 33, 36, 37, 52, 53, 75, 85, 95, 100, 104, 106, 112, 114, 130, 132, 134, 138, 148, 151, 180, 189, 207, 210, 216, 228, 241, 242, 259, 261, 263, 272, 281, 282, 283, 286, 304, 313, 316, 317, 342, 343, 349, 352, 364, 365, 370, 383, 392, 404, 421, 424, 426, 430, 431, 434, 442, 448, 449, 456, 460, 463, 475, 476, 483, 493, 502, 515, 529, 537, 539, 540, 555, 568, 579, 584, 585, 588, 590, 594, 598, 610, 611, 621, 625, 626, 635, 636, 639, 640, 643, 648, 650, 653, 661, 666, 674, 680, 693, 697, 699, 701, 702, 718, 720, 736, 749, 764, 770, 775, 777, 779, 788, 799, 801, 803, 816, 820, 821, 831, 841, 855, 856, 863, 885, 903, 915, 922, 939, 943, 947, 974, 984, 985, 986, 994, 998] (median: 2353, cap: 4000)
  wins (total): Grimoire: 721, Snake: 278
  wins (dramatic): Snake: 57, Grimoire: 85
Grimoire_Vampire: [50, 304, 564, 613, 1019, 1186, 1203, 1229, 1239, 1400, 1424, 1634, 1697, 1840, 1872] (median: 3438, cap: 4000)
  wins (total): Vampire: 1722, Grimoire: 278
  wins (dramatic): Vampire: 5, Grimoire: 10
Sword_Mirror: [2, 32, 34, 48, 60, 70, 91, 107, 114, 169, 174, 214, 220, 234, 247, 261, 266, 302, 306, 310, 375, 385, 398, 422, 426, 452, 454, 461, 516, 537, 538, 571, 603, 606, 645, 653, 656, 657, 676, 696, 717, 718, 739, 740, 744, 772, 782, 803, 810, 813, 817, 818, 837, 856, 861, 863, 865, 903, 923, 932, 946, 975, 983, 992] (median: 4511, cap: 4511)
  wins (total): Mirror: 470, Sword: 530
  wins (dramatic): Mirror: 28, Sword: 36
Sword_Hammer: [7, 68, 106, 112, 162, 174, 199, 221, 270, 302, 314, 341, 361, 400, 402, 412, 417, 421, 441, 486, 490, 502, 531, 535, 562, 592, 630, 637, 681, 687, 688, 699, 700, 710, 719, 724, 727, 732, 736, 756, 816, 823, 835, 893, 922, 955, 957, 958, 969, 974] (median: 4709, cap: 4709)
  wins (total): Sword: 439, Hammer: 559
  wins (dramatic): Sword: 21, Hammer: 29
Sword_Club: [45, 123, 302, 305, 328, 361, 483, 512, 586, 770, 838, 874, 887, 892, 898, 958, 978, 987, 1056, 1079, 1080, 1120, 1154, 1189, 1292, 1310, 1312, 1336, 1352, 1372, 1492, 1572, 1606, 1649, 1721, 1764, 1778, 1840, 1875, 1879, 1887, 1981] (median: 5713, cap: 5713)
  wins (total): Sword: 1035, Club: 960
  wins (dramatic): Club: 21, Sword: 21
Sword_Snake: [5, 9, 13, 17, 19, 20, 24, 27, 34, 36, 47, 48, 52, 56, 59, 61, 65, 73, 74, 81, 88, 92, 93, 96, 97, 99, 107, 110, 117, 121, 130, 133, 136, 139, 143, 144, 145, 147, 149, 164, 174, 177, 179, 182, 185, 189, 196, 198, 214, 222, 225, 234, 236, 241, 242, 245, 246, 247, 248, 263, 267, 282, 285, 286, 287, 297, 298, 304, 305, 311, 313, 316, 317, 320, 322, 323, 326, 328, 330, 332, 338, 339, 342, 350, 356, 362, 363, 366, 368, 385, 386, 392, 397, 412, 413, 420, 421, 426, 431, 445, 454, 460, 461, 463, 465, 466, 476, 492, 497, 508, 515, 516, 534, 538, 544, 547, 553, 571, 579, 593, 602, 605, 606, 607, 608, 610, 612, 616, 620, 626, 627, 631, 632, 645, 646, 649, 651, 652, 660, 661, 666, 668, 669, 673, 674, 677, 681, 682, 697, 698, 699, 700, 704, 705, 710, 716, 719, 721, 724, 725, 737, 742, 753, 757, 767, 775, 782, 783, 787, 792, 801, 808, 813, 820, 824, 827, 837, 848, 856, 879, 880, 882, 883, 885, 886, 892, 904, 907, 914, 915, 918, 923, 924, 927, 929, 940, 946, 949, 964, 966, 969, 972, 974, 975, 978, 980, 982, 996] (median: 3142, cap: 4000)
  wins (total): Sword: 540, Snake: 459
  wins (dramatic): Snake: 136, Sword: 72
Sword_Vampire: [46, 130, 200, 341, 390, 511, 520, 529, 642, 684, 694, 709, 802, 844, 906, 907, 1063, 1076, 1079, 1251, 1271, 1326, 1360, 1597, 1714, 1743, 1746, 1796, 1890, 1893, 1921, 1942, 1947, 1963, 1988] (median: 3700, cap: 4000)
  wins (total): Vampire: 1226, Sword: 774
  wins (dramatic): Vampire: 20, Sword: 15
Mirror_Hammer: [43, 158, 1398, 2296, 3698, 3840] (median: 5608, cap: 5608)
  wins (total): Mirror: 1766, Hammer: 2234
  wins (dramatic): Mirror: 6
Mirror_Club: [64, 394, 480, 490, 530, 551, 554, 664, 802, 821, 823, 946, 1124, 1129, 1213, 1243, 1272, 1342, 1632, 1693, 1762, 1799, 1865, 1893, 1906, 1995] (median: 6687, cap: 6687)
  wins (total): Club: 687, Mirror: 1151
  wins (dramatic): Mirror: 11, Club: 15
Mirror_Snake: [36, 67, 78, 101, 102, 103, 113, 117, 127, 194, 305, 307, 340, 370, 399, 402, 405, 453, 455, 484, 523, 561, 572, 592, 645, 691, 700, 736, 781, 801, 820, 830, 845, 846, 905, 927, 929, 930, 968, 972, 994] (median: 4795, cap: 4795)
  wins (total): Mirror: 638, Snake: 360
  wins (dramatic): Snake: 24, Mirror: 17
Mirror_Vampire: [12, 516, 592, 1098, 1121, 1177, 1437] (median: 4796, cap: 4796)
  wins (total): Vampire: 843, Mirror: 1157
  wins (dramatic): Vampire: 7
Hammer_Club: [1, 72, 202, 238, 282, 284, 296, 535, 620, 661, 664, 684, 726, 755, 789, 818, 824, 979, 1192, 1211, 1256, 1626, 1829, 1942, 1960, 1987] (median: 5775, cap: 5775)
  wins (total): Hammer: 1110, Club: 889
  wins (dramatic): Club: 12, Hammer: 14
Hammer_Snake: [25, 26, 27, 32, 34, 45, 52, 54, 57, 69, 70, 71, 73, 78, 96, 97, 120, 131, 134, 137, 145, 165, 167, 176, 181, 186, 192, 196, 206, 212, 217, 221, 229, 236, 247, 260, 263, 285, 287, 289, 302, 303, 306, 326, 342, 352, 366, 392, 409, 414, 426, 433, 436, 439, 440, 458, 484, 492, 507, 508, 515, 523, 526, 542, 543, 546, 551, 591, 601, 615, 617, 619, 636, 638, 644, 649, 660, 662, 687, 694, 701, 703, 717, 721, 723, 726, 753, 757, 767, 771, 774, 782, 785, 792, 796, 798, 810, 811, 813, 814, 816, 830, 847, 850, 851, 856, 864, 866, 870, 873, 897, 911, 913, 918, 924, 938, 941, 945, 955, 965, 974, 998] (median: 3408, cap: 4000)
  wins (total): Snake: 746, Hammer: 253
  wins (dramatic): Snake: 71, Hammer: 51
Hammer_Vampire: [2, 145, 507, 802, 868, 958, 1153, 1192, 1353, 1367, 1520, 1921] (median: 3836, cap: 4000)
  wins (total): Hammer: 776, Vampire: 1224
  wins (dramatic): Vampire: 12
Club_Snake: [122, 128, 276, 307, 347, 400, 804, 824, 929, 948, 1066, 1221, 1224, 1225, 1276, 1315, 1473, 1495, 1513, 1564, 1575, 1598, 1652, 1683, 1731, 1821, 1823, 1909] (median: 4405, cap: 4405)
  wins (total): Club: 1244, Snake: 756
  wins (dramatic): Club: 26, Snake: 2
Club_Vampire: [1073] (median: 4101, cap: 4101)
  wins (total): Club: 1005, Vampire: 995
  wins (dramatic): Vampire: 1
Snake_Vampire: [25, 136, 155, 185, 243, 308, 314, 378, 410, 468, 482, 485, 517, 661, 684, 735, 748, 769, 786, 844, 855, 858, 887, 951, 972, 1126, 1191, 1264, 1292, 1426, 1478, 1496, 1529, 1566, 1652, 1753, 1764, 1782, 1806, 1873, 1911, 1960] (median: 4026, cap: 4026)
  wins (total): Vampire: 989, Snake: 1011
  wins (dramatic): Vampire: 21, Snake: 21

// Paste into ui.js:
const DRAMATIC_SEEDS = {
  "Duplicator_Grower": [4,10,11,17,18,21,26,27,28,29,31,32,34,35,37,38,40,42,44,45,46,48,50,51,54,55,58,64,65,68,70,71,73,74,75,79,80,81,86,88,91,93,95,96,98,99,100,101,104,108,109,111,113,115,116,120,121,122,125,126,132,137,138,139,140,141,147,149,151,153,156,157,158,160,162,163,168,169,173,176,177,178,179,180,182,183,186,189,191,193,194,195,199,204,205,207,211,212,214,215,218,219,222,223,225,227,228,229,230,232,233,235,236,239,240,242,243,245,246,247,250,251,254,255,260,263,267,268,270,271,274,275,276,277,280,281,282,283,284,287,295,297,298,300,302,303,304,307,309,310,313,315,317,323,324,325,326,327,330,335,336,337,338,339,340,342,344,345,347,349,350,352,353,354,357,361,363,368,369,371,373,374,375,377,378,380,381,382,383,387,388,389,393,395,397,399,401,403,405,408,409,411,413,414,416,423,424,425,427,431,437,438,440,441,442,443,447,450,451,453,454,457,460,462,463,465,467,468,469,470,472,473,474,476,477,481,482,485,486,489,490,495,496,499,500,503,505,506,507,510,512,517,524,525,526,529,530,531,533,536,538,539,540,541,542,543,545,546,547,548,549,551,552,554,555,556,557,558,563,567,569,571,573,575,576,578,581,582,583,587,591,592,594,595,598,599,600,605,612,613,614,617,619,620,621,624,625,627,631,633,634,635,637,639,640,641,642,643,648,654,655,656,658,662,666,668,671,676,678,682,684,690,692,699,702,704,705,706,707,708,709,711,712,713,715,720,722,723,728,731,734,738,741,743,745,748,749,750,754,759,760,763,764,766,767,768,777,778,779,782,785,786,788,789,790,794,800,802,810,811,812,814,817,818,823,829,830,833,837,838,839,843,844,850,852,857,858,865,866,868,869,870,871,872,874,875,876,877,878,882,886,889,890,891,895,897,900,902,906,907,908,909,911,913,915,916,917,918,919,920,925,926,927,929,935,936,939,944,946,951,957,959,960,963,964,965,966,969,971,973,975,977,978,979,980,981,982,983,984,985,988,990,991,992,993,994,995,996,999],
  "Duplicator_Dagger": [2,25,28,31,36,43,45,58,62,67,74,78,86,93,99,102,114,117,120,122,128,135,136,137,151,157,166,169,185,193,214,218,229,230,231,247,253,257,267,274,275,276,284,287,289,290,291,304,308,310,314,338,347,351,361,363,364,367,373,379,386,412,416,422,438,450,457,464,473,478,482,483,502,506,516,519,521,525,526,530,540,541,544,550,559,570,582,583,585,588,603,616,618,636,644,660,662,671,673,686,717,719,728,734,737,741,754,770,774,785,787,803,821,837,858,866,867,875,889,892,904,905,915,927,942,947,956,960,964,965,969,975,980,984,988],
  "Duplicator_Lance": [2,3,6,8,9,10,12,13,14,15,16,19,24,28,29,31,32,33,34,36,37,40,44,46,47,49,51,53,54,57,59,65,71,72,73,76,78,80,82,87,90,92,93,95,96,97,98,101,102,103,104,105,107,111,113,117,119,124,127,132,133,134,135,136,138,139,141,143,145,146,151,152,153,154,155,156,163,169,171,172,174,175,179,181,183,186,187,190,192,193,194,197,199,200,205,207,210,213,214,215,217,219,221,224,225,227,228,230,231,234,235,238,239,245,248,249,251,252,258,259,265,267,268,270,271,274,276,277,278,282,284,290,294,295,297,299,300,301,304,306,308,313,314,315,320,321,323,324,325,326,327,330,331,332,333,335,337,339,340,342,343,345,346,351,354,355,357,360,362,365,367,370,371,384,385,387,390,397,398,400,402,403,407,408,409,410,416,417,418,419,420,423,425,429,431,433,436,440,442,445,446,448,449,451,454,455,456,457,458,462,463,464,465,470,471,472,479,480,481,485,487,488,490,493,495,500,501,503,506,507,510,511,512,513,515,516,519,521,524,530,532,533,534,536,539,540,542,544,546,548,550,554,556,557,558,560,563,564,567,568,569,573,576,577,578,586,593,594,596,597,600,602,604,606,607,608,609,613,614,619,620,624,627,628,640,641,645,649,651,653,655,657,658,659,661,662,664,665,666,667,672,673,676,679,680,683,684,685,688,690,691,695,696,699,702,703,704,709,714,722,724,727,728,730,732,734,737,740,743,744,745,748,750,754,755,756,758,761,762,765,766,767,768,771,772,780,781,782,784,786,787,790,791,792,793,795,796,800,808,809,810,812,817,818,819,825,826,828,830,831,834,835,836,837,838,839,840,841,842,844,845,847,850,852,856,860,861,864,865,866,868,869,870,872,874,876,879,881,883,885,886,887,891,892,897,898,899,900,902,904,906,911,913,914,918,919,921,925,926,932,934,935,940,941,947,952,953,954,957,958,960,961,964,967,969,970,972,976,978,979,982,988,992,995,996,999],
  "Duplicator_Machine Gun": [0,2,6,14,28,29,37,42,44,47,49,51,52,55,60,75,84,85,87,97,101,102,105,106,113,115,117,123,124,132,137,138,144,153,172,186,187,195,197,199,201,208,213,221,227,240,245,249,250,257,258,260,261,269,272,278,281,290,291,294,296,297,298,299,306,317,318,326,335,349,351,356,372,380,382,396,399,400,407,415,423,428,443,445,448,449,455,456,457,458,470,475,490,492,495,501,503,506,508,515,516,517,522,525,532,535,538,542,551,555,566,567,571,575,578,579,586,591,592,606,607,611,632,637,648,657,665,667,668,670,672,676,677,679,680,681,685,688,706,707,708,710,711,731,735,741,751,752,755,773,777,782,783,789,793,796,799,800,803,805,807,816,826,830,833,837,840,845,850,867,877,878,881,886,901,902,905,911,912,916,930,943,947,969,970,974,980,988,990,991,995,998,999],
  "Duplicator_Wrench": [4,23,28,36,44,69,82,93,103,108,140,152,157,169,192,243,285,307,319,331,356,431,443,461,487,489,512,514,520,537,538,552,567,575,585,647,679,701,711,720,731,764,770,776,794,797,798,817,838,852,855,874,885,902,916,918,919,929,951,959,972,997,998],
  "Duplicator_Grimoire": [0,3,5,14,20,22,31,32,37,41,45,49,60,64,69,91,99,101,110,115,118,127,128,129,136,139,144,148,158,162,163,166,172,181,187,208,209,214,218,224,240,244,262,269,271,276,281,289,290,294,308,313,322,335,337,340,346,350,354,366,374,379,395,396,413,421,428,430,435,438,440,447,456,461,468,477,478,482,491],
  "Duplicator_Sword": [2,7,9,11,13,18,20,22,23,26,29,34,41,55,66,82,85,86,87,98,99,100,104,109,112,113,119,122,123,129,131,135,140,156,164,169,171,178,181,189,190,191,203,209,210,213,217,220,233,235,236,239,240,259,262,265,266,269,279,289,292,294,300,317,319,322,323,327,335,337,340,346,348,361,365,370,371,372,377,379,380,382,385,393,406,413,418,421,423,426,427,431,437,439,443,448,455,456,464,467,470,471,485,490,492,498,505,507,510,513,522,523,525,531,546,553,565,566,572,576,579,585,588,592,599,605,612,616,617,620,622,629,633,636,642,644,651,653,664,668,685,695,698,701,710,711,713,715,719,726,727,733,736,738,740,744,761,762,765,767,772,774,776,777,784,785,786,787,788,797,800,822,831,832,838,844,850,858,863,867,872,873,875,876,877,881,886,901,905,915,922,925,930,933,940,950,953,960,963,967,970,972,980,982,992,995],
  "Duplicator_Mirror": [7,10,11,15,16,20,28,36,40,45,50,52,53,59,62,79,90,98,100,105,106,108,109,111,114,118,123,124,133,152,172,175,176,185,186,192,193,194,203,221,231,237,240,242],
  "Duplicator_Hammer": [2,3,4,5,6,8,13,20,30,33,40,41,49,51,60,63,64,65,68,86,87,91,98,106,115,116,121,136,170,177,183,209,213,219,224,226,235,236,237,246,250,251,252,259,263,264,266,278,288,294,309,314,322,336,337,342,366,372,378,390,391,398,424,427,460,464,497,507,508,512,520,530,537,552,567,579,585,588,597,606,611,635,642,663,683,686,696,721,725,752,763,764,770,777,785,803,812,814,826,836,841,857,866,867,868,870,873,874,884,896,920,922,938,941,960,962,963,966,968,969,971,981,991],
  "Duplicator_Club": [5,9,10,13,15,19,20,34,47,97,98,103,104,134,144,153,154,160,164,193,195,198,199,247,249,256,260,274,282,285,318,337,345,359,385,389,395,402,403,426,451,453,456,475,476,499,501,517,542,546,554,566,577,582,594,608,612,616,661,690,740,756,779,790,806,812,819,828,883,894,907,919,949,993,994,1012,1051,1054,1081,1118,1127,1144,1158,1159,1183,1203,1228,1249,1287,1307,1320,1335,1341,1342,1381,1422,1426,1433,1468,1472,1500,1507,1511,1520,1553,1572,1587,1594,1601,1643,1661,1662,1674,1735,1743,1762,1809,1815,1821,1825,1828,1837,1844,1847,1879,1896,1915,1932,1948,1959,1964,1974,1976,1988,1993,1997],
  "Duplicator_Snake": [1,4,5,18,42,53,75,83,91,92,95,103,107,110,112,131,155,157,158,163,170,175,184,192,204,212,214,218,221,228,231,241,246,247,256,265,276,296,302,306,309,313,316,318,327,333,337,346,349,352,353,354,362,372,373,378,389,399,406,410,414,415,426,449,453,471,472,475,479,486,487,488,496,511,517,527,532,536,537,538,547,548,553,557,568,570,572,573,576,595,600,608,616,619,634,635,652,654,655,661,679,683,686,703,708,710,711,716,727,728,733,738,746,748,768,771,791,802,816,829,836,858,879,883,884,891,893,904,916,922,928,932,934,942,959,960,962,965,972,976,982,983,985,990,995],
  "Duplicator_Vampire": [38,486,662,685,686,721,724,785,922,1183,1263,1264,1379,1672,1321,475,689,90,756,799,1193,1442,1468,1947,1996,359,1801,51],
  "Grower_Dagger": [245,281,349,639,730,855,879,881,995],
  "Grower_Lance": [3,11,19,54,88,107,116,119,133,135,139,141,154,160,179,184,208,214,226,228,231,250,266,276,289,293,299,309,313,320,326,339,340,342,356,375,389,417,428,438,448,467,472,502,523,530,541,564,571,588,609,642,674,679,686,692,694,708,715,723,737,744,761,764,773,775,803,818,824,834,865,881,883,922,929,943,946,950,957,990,994,997],
  "Grower_Machine Gun": [15,43,52,65,67,77,80,87,103,111,118,123,138,142,147,161,184,198,207,226,239,257,265,271,304,309,313,319,337,342,372,388,389,392,401,408,444,448,465,503,511,513,516,518,562,571,600,627,628,643,649,659,674,682,707,718,726,731,743,756,767,769,774,781,783,789,797,806,814,846,852,856,866,869,887,921,925,935,941,942,975,978,979,989,991],
  "Grower_Wrench": [22,45,51,60,61,64,78,83,85,93,97,105,107,112,119,124,126,138,152,158,160,167,169,170,181,184,199,204,225,236,248,255,262,277,279,281,284,299,306,309,320,323,353,367,406,415,422,429,441,454,470,482,483,486,495,496,516,520,528,538,542,554,556,569,586,590,594,597,603,618,620,654,661,662,675,677,687,690,714,720,744,749,754,758,765,774,792,793,804,818,821,827,830,832,848,852,861,878,882,883,886,893,896,901,917,927,929],
  "Grower_Grimoire": [7,11,20,25,26,29,39,40,44,52,63,68,77,78,80,82,83,99,106,115,117,122,135,151,179,186,191,192,193,198,206,207,227,244,249,250,256,264,266,272,277,278,291,293,294,305,335,343,372,376,397,398,404,409,417,422,427,434,440,442,450,452,465,473,477,493,503,515,524,527,535,575,581,585,587,590,598,605,610,664,689,692,699,710,733,735,783,788,790,799,804,822,865,871,872,879,882,883,902,923,943,945,956,961,979,987,989],
  "Grower_Sword": [20,34,49,51,62,110,112,115,122,127,153,161,206,227,233,237,253,261,271,283,289,300,307,322,328,352,357,374,375,376,388,392,401,413,418,422,428,429,432,436,445,448,459,466,470,497,508,514,525,531,553,574,615,622,640,652,656,691,704,705,720,732,737,751,771,777,781,789,837,854,857,872,878,881,885,934,935,947,952,958,983,995],
  "Grower_Mirror": [10,19,23,42,59,64,84,117,156,179,194,224,245,270,301,363,365,385,391,398,411,413,414,442,443,449,450,471,483,529,534,564,567,616,619,659,677,681,695,712,717,725,738,791,804,817,818,821,828,832,833,866,882,937,956,972,973,975],
  "Grower_Hammer": [90,187,216,265,328,369,371,422,425,432,440,459,485,536,575,588,669,678,701,706,772,777,779,796,898,925,989,994],
  "Grower_Club": [12,29,65,306,367,667,750,829,920,1059,1188,1215,1264,1552,1633,1676],
  "Grower_Snake": [1,11,15,29,38,65,66,67,71,104,116,138,142,148,151,154,157,158,160,163,165,166,174,186,187,194,201,207,208,213,219,228,231,232,237,239,241,243,251,256,261,264,265,269,279,280,284,289,290,295,297,298,299,302,304,324,329,330,331,339,345,348,353,356,359,362,365,369,370,374,381,383,386,387,392,394,398,409,415,417,429,435,437,439,444,449,451,462,463,469,481,483,484,493,511,513,518,524,525,527,534,538,544,548,551,553,564,569,572,583,594,596,612,614,616,630,636,637,644,645,657,666,667,669,672,673,679,680,688,694,696,699,708,714,721,722,725,728,734,735,743,744,749,750,753,771,772,775,776,783,784,787,791,792,796,803,808,814,818,821,824,825,826,833,841,843,845,846,847,852,860,866,871,874,876,881,883,884,886,905,906,909,914,917,921,922,926,929,934,937,946,949,954,957,961,963,972,976,980,985,987,993],
  "Grower_Vampire": [66,97,114,121,242,476,621,631,649,706,732,857,923,944,997,1123,1132,1294,1324,1385,1528,1606,1670,1754,1985],
  "Dagger_Lance": [57,74,110,114,133,167,248,287,334,391,428,431,446,460,493,506,628,649,666,700,723,732,764,822,860,870,970],
  "Dagger_Machine Gun": [65,68,69,154,172,202,241,255,287,296,307,309,310,311,313,319,355,357,453,470,488,490,536,561,564,569,572,584,599,655,664,704,744,754,823,868,871,898,950,971,978,987],
  "Dagger_Wrench": [86,88,124,189,206,247,288,320,357,416,460,470,478,507,512,534,580,608,635,643,651,655,657,661,720,729,808,825,897,982,989],
  "Dagger_Grimoire": [23,37,45,56,59,60,65,68,85,95,115,122,123,130,133,152,187,201,205,209,215,235,244,247,255,257,260,264,285,287,307,312,318,330,340,341,342,344,352,354,385,395,409,411,413,414,418,419,423,425,429,430,433,436,447,463,485,494,508,510,514,519,531,532,536,572,593,602,609,626,628,633,643,653,654,660,663,667,676,679,685,686,689,705,707,713,734,742,750,751,754,757,762,768,776,779,781,788,792,812,821,833,838,845,849,853,862,863,873,879,885,888,907,911,914,922,924,937,947,956,964,972,977,979,985,992,998],
  "Dagger_Sword": [115,148,158,187,189,203,244,246,257,287,289,307,335,360,373,405,451,471,509,529,559,569,579,613,628,709,725,737,757,760,798,818,824,898,905,925,950],
  "Dagger_Mirror": [1,15,38,41,50,62,77,104,105,107,128,145,176,203,208,268,280,285,303,372,375,376,424,438,496,499,504,506,509,510,536,589,596,598,609,615,637,662,666,700,704,705,740,747,753,771,783,788,789,821,853,945,955,958,975,976],
  "Dagger_Hammer": [20,115,136,141,145,167,186,215,217,222,258,273,288,289,307,422,428,438,441,458,478,497,520,589,592,603,622,635,655,690,709,764,796,801,840,866,872,891,907,924,925],
  "Dagger_Club": [44,122,241,525,740,758,778,870,875,941,962,1099,1251,1267,1732,1949,1973,1987,1998],
  "Dagger_Snake": [12,17,21,26,27,30,35,44,48,56,62,65,68,96,97,106,107,122,123,124,138,139,143,155,160,166,174,182,186,188,189,215,228,229,233,234,237,246,248,250,257,262,263,287,311,317,320,326,330,332,338,343,359,363,369,385,388,392,397,400,407,411,426,438,443,449,453,475,476,484,505,509,521,531,547,556,559,561,565,583,588,590,595,598,601,604,605,614,616,619,626,628,631,639,643,648,652,654,657,683,697,712,713,716,718,728,745,753,775,779,781,785,795,799,809,811,820,830,836,840,842,850,852,860,867,877,892,894,896,899,929,930,935,936,942,948],
  "Dagger_Vampire": [],
  "Lance_Machine Gun": [8,22,97,106,123,194,204,222,240,244,253,255,258,267,268,272,296,333,367,374,404,406,428,489,569,581,582,600,613,623,655,660,687,688,694,715,759,774,795,800,813,828,887,895,896,936,937,946,950,958,969,985],
  "Lance_Wrench": [50,70,82,89,92,112,129,136,154,167,185,203,209,216,261,332,394,439,449,459,460,475,512,534,537,541,571,581,584,619,629,665,731,736,745,780,785,798,810,811,815,825,826,864,883,893,918,998],
  "Lance_Grimoire": [4,8,10,26,29,30,31,33,35,36,39,47,56,60,62,64,66,72,76,84,90,98,99,102,109,110,132,147,149,164,166,173,196,206,215,217,227,234,235,239,254,270,281,296,305,307,322,328,330,334,340,358,360,375,377,388,389,390,395,399,400,415,429,432,434,436,437,441,449,452,464,476,477,481,482,485,492,501,504,520,527,529,531,533,546,548,558,560,566,580,581,587,595,611,623,625,631,633,640,642,648,675,684,688,703,706,711,719,735,736,739,748,749,754,782,784,785,798,801,806,809,810,813,819,824,829,839,849,850,857,858,870,871,875,886,888,900,907,915,935,936,937,940,948,951,958,973,975,979,993],
  "Lance_Sword": [27,41,48,51,125,140,145,168,179,189,215,217,244,251,256,267,277,286,333,362,367,406,409,493,496,519,520,527,548,552,553,557,571,611,614,644,656,707,714,717,736,762,767,779,782,806,826,829,843,844,866,871,886,890,938,939,965,976,979,985],
  "Lance_Mirror": [23,166,177,187,207,209,216,224,225,269,285,311,347,360,369,380,385,389,393,401,420,425,443,456,459,462,487,526,573,586,587,611,627,642,653,690,701,718,733,749,760,791,806,827,849,865,866,888,889,891,957],
  "Lance_Hammer": [6,31,34,41,51,80,95,108,114,125,140,157,199,200,215,217,224,226,240,248,254,255,277,288,301,307,327,356,367,385,433,458,466,475,482,483,490,497,500,501,533,539,548,605,719,724,741,742,762,779,812,871,923,930,932,938,960,976,988,998,999],
  "Lance_Club": [21,23,46,100,203,261,292,307,322,342,418,427,494,503,507,642,660,770,805,822,862,913,945,974,999,1003,1027,1049,1118,1124,1160,1198,1208,1290,1304,1311,1313,1332,1366,1397,1410,1454,1464,1524,1543,1561,1604,1668,1764,1793,1806,1817,1835,1843,1885,1920],
  "Lance_Snake": [4,38,46,53,54,63,94,102,107,119,126,132,133,154,169,174,180,201,204,206,225,230,240,242,258,267,278,279,310,314,324,333,362,367,373,374,377,387,393,397,405,410,420,422,424,438,441,442,470,487,503,508,517,528,536,550,554,560,563,566,601,603,606,641,682,698,724,746,747,789,817,818,819,827,857,871,875,883,893,894,896,897,909,915,921,929,930,933,937,942,960,961,974],
  "Lance_Vampire": [471],
  "Machine Gun_Wrench": [3,4,41,44,100,114,121,159,169,185,200,206,269,283,335,349,366,398,420,496,520,579,609,623,624,629,667,851,912,923,936,950,971,972],
  "Machine Gun_Grimoire": [7,21,24,66,68,75,77,84,86,96,98,105,106,118,126,133,134,140,146,148,156,161,169,180,183,192,194,198,207,218,234,239,247,253,307,329,338,339,340,344,345,347,353,355,363,369,374,375,381,383,385,409,414,421,422,431,464,478,485,495,497,503,509,513,515,518,532,552,559,560,561,574,580,583,611,614,626,634,656,668,694,701,704,710,716,720,724,725,730,738,755,760,769,774,777,792,798,822,826,834,842,868,876,888,903,904,913,934,937,945,949,951,953,955,975,981,998],
  "Machine Gun_Sword": [119,130,152,155,194,197,212,215,250,258,261,265,300,307,379,396,461,485,497,504,511,537,554,562,607,632,656,667,700,739,742,828,948,955,970,998],
  "Machine Gun_Mirror": [6,7,84,97,115,151,184,185,187,189,195,211,222,242,260,262,290,308,310,314,318,348,378,384,448,479,489,511,522,524,532,561,573,584,585,592,677,713,729,740,756,767,789,811,827,837,846,861,867,875,886,891,905,914,917,921,927,929,943,950,960,998],
  "Machine Gun_Hammer": [7,110,114,128,133,194,242,251,324,326,343,346,355,383,385,406,426,437,453,454,456,474,479,510,536,558,569,598,704,711,725,731,741,755,756,761,791,844,853,879,978,980,983],
  "Machine Gun_Club": [44,126,188,201,205,233,271,280,288,307,309,315,408,423,515,526,536,573,612,653,798,807,858,925,955,1122,1139,1157,1197,1212,1216,1218,1221,1328,1340,1344,1463,1471,1576,1592,1634,1660,1690,1699,1759,1803,1815,1820,1871,1903,1909],
  "Machine Gun_Snake": [10,14,17,23,24,25,47,62,64,68,72,88,102,109,113,116,157,159,202,203,216,218,229,232,233,249,252,266,281,283,296,312,331,351,356,373,383,391,395,407,415,422,440,447,467,474,481,484,494,497,499,507,531,539,547,558,560,561,564,579,584,585,595,597,598,614,618,620,622,625,630,644,648,651,657,658,664,668,679,697,705,712,714,719,722,732,747,749,751,757,761,762,763,765,775,776,786,794,808,815,830,832,845,854,855,868,878,894,905,909,917,927,941,946,947,949,952,953,955,960,974,993,997,998],
  "Machine Gun_Vampire": [82,137,184,280,861,916,936,971,1112,1271,1406,1457,1650,1687,1727,1816,1910,1999],
  "Wrench_Grimoire": [2,81,110,213,366,396,564,602,607,613,642,842,962],
  "Wrench_Sword": [0,11,32,44,90,123,129,192,233,315,353,378,410,451,490,519,536,553,557,638,639,671,680,688,761,787,796,803,848,851,869,870,874,937,967,975,989],
  "Wrench_Mirror": [178,386],
  "Wrench_Hammer": [17,133,135,162,170,189,198,209,215,237,279,322,328,332,337,338,345,372,390,434,487,520,572,575,577,601,620,696,703,704,734,800,836,891,893,908,913,941,977],
  "Wrench_Club": [54,90,206,331,490,586,845,846,859,900,911,924,978,1086,1109,1124,1139,1142,1184,1200,1276,1387,1437,1540,1560,1562,1590,1657,1730,1743,1808,1920,1926,1939,1999],
  "Wrench_Snake": [7,18,26,55,58,69,82,125,127,131,160,193,198,208,237,257,261,265,266,272,297,368,393,455,465,485,498,595,597,598,627,660,691,696,715,727,741,783,788,792,800,824,837,907,927,931,942,980,990,995],
  "Wrench_Vampire": [1614,1896],
  "Grimoire_Sword": [1,3,4,6,9,10,23,29,33,41,71,74,75,77,82,96,102,104,107,108,123,150,160,163,174,191,192,197,198,201,208,211,217,219,233,275,279,284,286,290,313,318,354,357,374,376,377,388,399,402,403,412,413,415,459,462,466,476,480,495,503,509,510,533,534,545,553,558,584,596,611,618,640,643,649,656,657,659,665,677,694,707,717,729,731,733,740,748,763,764,773,779,780,791,796,807,812,816,831,836,841,843,847,868,873,874,878,886,899,908,914,915,941,971,974,978,979,980,986,987,988,999],
  "Grimoire_Hammer": [5,10,35,40,50,55,57,74,90,100,110,111,118,127,150,158,160,168,170,172,181,182,187,189,200,205,213,226,239,248,276,284,289,293,309,324,359,362,363,371,398,400,412,426,428,435,442,446,447,452,458,464,477,484,487,491,515,524,547,553,556,564,576,578,585,592,609,615,617,620,623,640,643,658,661,662,667,687,691,699,710,711,714,733,757,760,764,777,778,781,783,793,812,816,817,824,852,856,858,861,868,871,915,924,931,964,975,977,989,991],
  "Grimoire_Club": [30,103,105,114,140,163,176,225,271,375,413,563,632,773,807,838,853,1118,1233,1252,1336,1351,1357,1500,1508,1629,1718,1845,1897,1944],
  "Grimoire_Snake": [12,16,22,25,26,31,33,36,37,52,53,75,85,95,100,104,106,112,114,130,132,134,138,148,151,180,189,207,210,216,228,241,242,259,261,263,272,281,282,283,286,304,313,316,317,342,343,349,352,364,365,370,383,392,404,421,424,426,430,431,434,442,448,449,456,460,463,475,476,483,493,502,515,529,537,539,540,555,568,579,584,585,588,590,594,598,610,611,621,625,626,635,636,639,640,643,648,650,653,661,666,674,680,693,697,699,701,702,718,720,736,749,764,770,775,777,779,788,799,801,803,816,820,821,831,841,855,856,863,885,903,915,922,939,943,947,974,984,985,986,994,998],
  "Grimoire_Vampire": [50,304,564,613,1019,1186,1203,1229,1239,1400,1424,1634,1697,1840,1872],
  "Sword_Mirror": [2,32,34,48,60,70,91,107,114,169,174,214,220,234,247,261,266,302,306,310,375,385,398,422,426,452,454,461,516,537,538,571,603,606,645,653,656,657,676,696,717,718,739,740,744,772,782,803,810,813,817,818,837,856,861,863,865,903,923,932,946,975,983,992],
  "Sword_Hammer": [7,68,106,112,162,174,199,221,270,302,314,341,361,400,402,412,417,421,441,486,490,502,531,535,562,592,630,637,681,687,688,699,700,710,719,724,727,732,736,756,816,823,835,893,922,955,957,958,969,974],
  "Sword_Club": [45,123,302,305,328,361,483,512,586,770,838,874,887,892,898,958,978,987,1056,1079,1080,1120,1154,1189,1292,1310,1312,1336,1352,1372,1492,1572,1606,1649,1721,1764,1778,1840,1875,1879,1887,1981],
  "Sword_Snake": [5,9,13,17,19,20,24,27,34,36,47,48,52,56,59,61,65,73,74,81,88,92,93,96,97,99,107,110,117,121,130,133,136,139,143,144,145,147,149,164,174,177,179,182,185,189,196,198,214,222,225,234,236,241,242,245,246,247,248,263,267,282,285,286,287,297,298,304,305,311,313,316,317,320,322,323,326,328,330,332,338,339,342,350,356,362,363,366,368,385,386,392,397,412,413,420,421,426,431,445,454,460,461,463,465,466,476,492,497,508,515,516,534,538,544,547,553,571,579,593,602,605,606,607,608,610,612,616,620,626,627,631,632,645,646,649,651,652,660,661,666,668,669,673,674,677,681,682,697,698,699,700,704,705,710,716,719,721,724,725,737,742,753,757,767,775,782,783,787,792,801,808,813,820,824,827,837,848,856,879,880,882,883,885,886,892,904,907,914,915,918,923,924,927,929,940,946,949,964,966,969,972,974,975,978,980,982,996],
  "Sword_Vampire": [46,130,200,341,390,511,520,529,642,684,694,709,802,844,906,907,1063,1076,1079,1251,1271,1326,1360,1597,1714,1743,1746,1796,1890,1893,1921,1942,1947,1963,1988],
  "Mirror_Hammer": [43,158,1398,2296,3698,3840],
  "Mirror_Club": [64,394,480,490,530,551,554,664,802,821,823,946,1124,1129,1213,1243,1272,1342,1632,1693,1762,1799,1865,1893,1906,1995],
  "Mirror_Snake": [36,67,78,101,102,103,113,117,127,194,305,307,340,370,399,402,405,453,455,484,523,561,572,592,645,691,700,736,781,801,820,830,845,846,905,927,929,930,968,972,994],
  "Mirror_Vampire": [12,516,592,1098,1121,1177,1437],
  "Hammer_Club": [1,72,202,238,282,284,296,535,620,661,664,684,726,755,789,818,824,979,1192,1211,1256,1626,1829,1942,1960,1987],
  "Hammer_Snake": [25,26,27,32,34,45,52,54,57,69,70,71,73,78,96,97,120,131,134,137,145,165,167,176,181,186,192,196,206,212,217,221,229,236,247,260,263,285,287,289,302,303,306,326,342,352,366,392,409,414,426,433,436,439,440,458,484,492,507,508,515,523,526,542,543,546,551,591,601,615,617,619,636,638,644,649,660,662,687,694,701,703,717,721,723,726,753,757,767,771,774,782,785,792,796,798,810,811,813,814,816,830,847,850,851,856,864,866,870,873,897,911,913,918,924,938,941,945,955,965,974,998],
  "Hammer_Vampire": [2,145,507,802,868,958,1153,1192,1353,1367,1520,1921],
  "Club_Snake": [122,128,276,307,347,400,804,824,929,948,1066,1221,1224,1225,1276,1315,1473,1495,1513,1564,1575,1598,1652,1683,1731,1821,1823,1909],
  "Club_Vampire": [1073],
  "Snake_Vampire": [25,136,155,185,243,308,314,378,410,468,482,485,517,661,684,735,748,769,786,844,855,858,887,951,972,1126,1191,1264,1292,1426,1478,1496,1529,1566,1652,1753,1764,1782,1806,1873,1911,1960]
};